"DESCRIPTION","DURATION IN MS","NAME","PARENT SUITE","START TIME","STATUS","STOP TIME","SUB SUITE","SUITE","TEST CLASS","TEST METHOD"
"","285","Validate Council Output","","Fri Nov 07 00:46:55 UTC 2025","broken","Fri Nov 07 00:46:55 UTC 2025","","","",""
